Решение системы:
x0 = -0.047196942399758905
x1 = -0.36215244608019287
x2 = 0.826821760339991
Итераций: 6